12 0.12916666666666668 0.2875 0.07291666666666667 0.10625
11 0.28541666666666665 0.31875 0.04791666666666667 0.06666666666666667
2 0.525 0.1875 0.26666666666666666 0.35625
9 0.7604166666666666 0.33125 0.08125 0.07708333333333334
1 0.8958333333333334 0.19166666666666668 0.07083333333333333 0.36041666666666666
4 0.5270833333333333 0.5395833333333333 0.2833333333333333 0.25625
6 0.2916666666666667 0.575 0.07083333333333333 0.16458333333333333
5 0.15 0.575 0.12291666666666666 0.17083333333333334
8 0.18333333333333332 0.85 0.11458333333333333 0.18958333333333333
10 0.34375 0.90625 0.041666666666666664 0.09375
0 0.525 0.8916666666666667 0.07916666666666666 0.1125
3 0.7604166666666666 0.8270833333333333 0.26666666666666666 0.26875
7 0.8041666666666667 0.6041666666666666 0.20625 0.13541666666666666