7 0.21666666666666667 0.30833333333333335 0.2125 0.12083333333333333
2 0.5333333333333333 0.2125 0.2604166666666667 0.34791666666666665
9 0.8104166666666667 0.34791666666666665 0.08333333333333333 0.07708333333333334
1 0.9104166666666667 0.21041666666666667 0.06458333333333334 0.3645833333333333
10 0.17291666666666666 0.625 0.03958333333333333 0.10208333333333333
0 0.3375 0.625 0.08333333333333333 0.11875
3 0.5666666666666667 0.5604166666666667 0.26458333333333334 0.23958333333333334
12 0.7895833333333333 0.6333333333333333 0.06875 0.11041666666666666
11 0.8604166666666667 0.6583333333333333 0.05416666666666667 0.07083333333333333
8 0.19375 0.86875 0.10625 0.19375
5 0.3645833333333333 0.8895833333333333 0.09583333333333334 0.1875
6 0.5083333333333333 0.8895833333333333 0.05416666666666667 0.17291666666666666
4 0.7541666666666667 0.8395833333333333 0.2916666666666667 0.27291666666666664