7 0.21041666666666667 0.30416666666666664 0.21666666666666667 0.12708333333333333
2 0.5333333333333333 0.20625 0.27291666666666664 0.35208333333333336
9 0.8104166666666667 0.34375 0.08541666666666667 0.08541666666666667
1 0.9083333333333333 0.20833333333333334 0.06666666666666667 0.34791666666666665
0 0.3333333333333333 0.61875 0.08333333333333333 0.11458333333333333
10 0.17083333333333334 0.61875 0.03958333333333333 0.09791666666666667
12 0.7854166666666667 0.6291666666666667 0.058333333333333334 0.10625
3 0.5666666666666667 0.5541666666666667 0.26458333333333334 0.23541666666666666
11 0.8604166666666667 0.65 0.05416666666666667 0.06875
8 0.19375 0.8625 0.10416666666666667 0.19791666666666666
5 0.3645833333333333 0.8833333333333333 0.08958333333333333 0.17916666666666667
6 0.50625 0.8854166666666666 0.058333333333333334 0.17291666666666666
4 0.7520833333333333 0.8354166666666667 0.2916666666666667 0.2604166666666667