0 0.46458333333333335 0.3375 0.08333333333333333 0.10625
2 0.23333333333333334 0.22291666666666668 0.2625 0.30625
1 0.6270833333333333 0.22083333333333333 0.04791666666666667 0.35833333333333334
8 0.8479166666666667 0.29583333333333334 0.12083333333333333 0.20625
9 0.7666666666666667 0.6541666666666667 0.08333333333333333 0.09791666666666667
3 0.5125 0.5604166666666667 0.23333333333333334 0.23958333333333334
12 0.2520833333333333 0.6104166666666667 0.05625 0.08958333333333333
11 0.20833333333333334 0.8791666666666667 0.03958333333333333 0.075
7 0.3875 0.85625 0.17083333333333334 0.17291666666666666
6 0.5875 0.8770833333333333 0.05416666666666667 0.16875
5 0.7770833333333333 0.9 0.09583333333333334 0.18125