2 0.5 0.175 0.2791666666666667 0.34791666666666665
7 0.16458333333333333 0.25 0.24375 0.15
9 0.7770833333333333 0.30416666666666664 0.09375 0.11041666666666666
1 0.88125 0.17708333333333334 0.08333333333333333 0.3541666666666667
3 0.2 0.4979166666666667 0.30416666666666664 0.27708333333333335
10 0.43125 0.5729166666666666 0.041666666666666664 0.11458333333333333
0 0.59375 0.5729166666666666 0.09583333333333334 0.13125
12 0.7416666666666667 0.5875 0.07291666666666667 0.1125
11 0.8166666666666667 0.6083333333333333 0.06458333333333334 0.09166666666666666
8 0.15416666666666667 0.8145833333333333 0.12083333333333333 0.21041666666666667
5 0.3333333333333333 0.8270833333333333 0.10416666666666667 0.18333333333333332
6 0.47291666666666665 0.83125 0.07708333333333334 0.18125
4 0.70625 0.78125 0.27291666666666664 0.24791666666666667