2 0.23541666666666666 0.21041666666666667 0.2916666666666667 0.34375
0 0.5104166666666666 0.33958333333333335 0.0875 0.11458333333333333
1 0.6875 0.21875 0.04791666666666667 0.3729166666666667
8 0.9020833333333333 0.30625 0.12083333333333333 0.21875
12 0.2708333333333333 0.64375 0.06666666666666667 0.11041666666666666
3 0.5520833333333334 0.575 0.25416666666666665 0.24375
9 0.825 0.6604166666666667 0.08333333333333333 0.09791666666666667
11 0.21666666666666667 0.9541666666666667 0.052083333333333336 0.07708333333333334
7 0.42083333333333334 0.9083333333333333 0.16666666666666666 0.17291666666666666
6 0.64375 0.90625 0.06458333333333334 0.16875
5 0.8270833333333333 0.9083333333333333 0.09791666666666667 0.175