7 0.16458333333333333 0.24791666666666667 0.23333333333333334 0.14166666666666666
2 0.49583333333333335 0.16875 0.2708333333333333 0.3375
9 0.7708333333333334 0.30416666666666664 0.08541666666666667 0.07708333333333334
1 0.875 0.17083333333333334 0.08333333333333333 0.33958333333333335
10 0.43125 0.5708333333333333 0.041666666666666664 0.10208333333333333
3 0.19583333333333333 0.4875 0.2916666666666667 0.26458333333333334
0 0.5916666666666667 0.5708333333333333 0.08333333333333333 0.12291666666666666
12 0.7416666666666667 0.5791666666666667 0.06666666666666667 0.1125
12 0.8125 0.6041666666666666 0.05416666666666667 0.07708333333333334
8 0.15416666666666667 0.8166666666666667 0.12708333333333333 0.19583333333333333
5 0.325 0.8291666666666667 0.10416666666666667 0.1875
6 0.46875 0.8291666666666667 0.06666666666666667 0.17708333333333334
4 0.7020833333333333 0.7770833333333333 0.27708333333333335 0.26875